-99999
-99960
-99945
-99928
-99920
-99897
-99865
-99808
-99801
-99787
-99783
-99718
-99665
-99662
-99652
-99649
-99634
-99629
-99586
-99581
-99515
-99500
-99384
-99349
-99334
-99198
-99191
-99190
-99151
-99104
-99097
-99070
-99070
-99042
-99023
-99014
-99013
-98951
-98946
-98926
-98858
-98841
-98834
-98827
-98782
-98722
-98691
-98689
-98688
-98675
-98620
-98571
-98566
-98550
-98500
-98468
-98466
-98464
-98425
-98422
-98419
-98419
-98372
-98270
-98258
-98220
-98204
-98176
-98164
-98155
-98147
-98127
-98123
-98111
-98091
-98055
-98051
-98036
-98009
-98007
-98000
-97996
-97968
-97961
-97926
-97923
-97891
-97873
-97870
-97845
-97823
-97817
-97811
-97783
-97779
-97742
-97685
-97661
-97658
-97612
-97608
-97605
-97602
-97599
-97597
-97592
-97562
-97557
-97548
-97533
-97454
-97427
-97379
-97374
-97363
-97350
-97343
-97340
-97327
-97325
-97309
-97235
-97197
-97196
-97189
-97158
-97092
-97091
-97018
-97006
-97003
-96988
-96968
-96943
-96917
-96915
-96909
-96904
-96902
-96900
-96861
-96850
-96850
-96821
-96763
-96722
-96713
-96701
-96562
-96555
-96551
-96524
-96523
-96499
-96484
-96470
-96451
-96445
-96435
-96431
-96408
-96378
-96367
-96340
-96317
-96312
-96278
-96256
-96250
-96221
-96218
-96214
-96212
-96169
-96157
-96152
-96137
-96087
-96042
-96026
-96016
-95990
-95960
-95939
-95931
-95888
-95883
-95875
-95828
-95786
-95768
-95705
-95690
-95632
-95599
-95531
-95521
-95505
-95498
-95477
-95468
-95393
-95363
-95349
-95309
-95305
-95281
-95280
-95245
-95234
-95221
-95204
-95186
-95180
-95175
-95171
-95123
-95065
-95058
-95049
-95024
-95013
-94990
-94981
-94972
-94933
-94923
-94920
-94881
-94880
-94849
-94841
-94837
-94837
-94834
-94826
-94789
-94782
-94773
-94755
-94743
-94733
-94730
-94727
-94666
-94666
-94657
-94653
-94629
-94615
-94598
-94594
-94587
-94565
-94542
-94504
-94499
-94491
-94477
-94476
-94451
-94449
-94448
-94434
-94409
-94391
-94388
-94380
-94332
-94321
-94300
-94262
-94250
-94220
-94208
-94117
-94113
-94113
-94069
-94065
-94011
-94001
-93982
-93971
-93961
-93951
-93900
-93879
-93872
-93844
-93819
-93819
-93809
-93807
-93805
-93800
-93765
-93764
-93722
-93709
-93706
-93643
-93601
-93506
-93479
-93473
-93471
-93437
-93418
-93413
-93408
-93404
-93396
-93386
-93385
-93378
-93335
-93330
-93300
-93252
-93227
-93177
-93139
-93113
-93081
-93062
-93045
-93032
-93025
-93011
-93009
-92980
-92966
-92960
-92908
-92854
-92832
-92811
-92746
-92708
-92624
-92624
-92615
-92575
-92561
-92512
-92483
-92466
-92458
-92458
-92446
-92383
-92379
-92350
-92342
-92235
-92208
-92199
-92176
-92161
-92127
-92107
-92036
-92010
-92003
-91983
-91926
-91893
-91864
-91862
-91859
-91810
-91767
-91764
-91764
-91715
-91703
-91690
-91683
-91671
-91649
-91541
-91504
-91457
-91449
-91445
-91437
-91420
-91416
-91405
-91405
-91388
-91381
-91342
-91285
-91278
-91273
-91269
-91235
-91224
-91175
-91161
-91128
-91123
-91085
-91076
-91053
-91037
-90981
-90955
-90936
-90902
-90890
-90869
-90864
-90829
-90828
-90793
-90729
-90728
-90682
-90656
-90626
-90602
-90556
-90543
-90529
-90527
-90491
-90469
-90449
-90448
-90443
-90406
-90394
-90371
-90269
-90237
-90236
-90228
-90188
-90184
-90164
-90142
-90139
-90114
-90102
-90102
-90085
-90080
-90067
-90052
-90046
-90029
-89995
-89946
-89913
-89889
-89888
-89886
-89876
-89846
-89793
-89698
-89689
-89675
-89666
-89666
-89655
-89654
-89640
-89601
-89562
-89547
-89541
-89539
-89480
-89445
-89427
-89425
-89411
-89394
-89361
-89349
-89340
-89294
-89285
-89267
-89264
-89246
-89227
-89215
-89210
-89198
-89184
-89179
-89169
-89164
-89156
-89149
-89137
-89084
-89043
-89007
-88998
-88997
-88968
-88923
-88891
-88883
-88863
-88801
-88733
-88702
-88664
-88663
-88648
-88553
-88515
-88461
-88350
-88347
-88343
-88342
-88333
-88332
-88331
-88300
-88282
-88259
-88235
-88195
-88183
-88147
-88140
-88091
-88082
-88077
-88069
-88051
-88046
-88043
-88020
-88016
-88006
-87988
-87950
-87946
-87898
-87874
-87836
-87806
-87792
-87786
-87780
-87775
-87757
-87757
-87716
-87652
-87636
-87612
-87589
-87587
-87580
-87557
-87491
-87464
-87394
-87361
-87347
-87347
-87309
-87304
-87259
-87235
-87231
-87230
-87217
-87213
-87209
-87192
-87191
-87191
-87188
-87162
-87123
-87091
-87066
-87030
-87029
-87028
-86981
-86806
-86792
-86771
-86764
-86748
-86726
-86721
-86688
-86683
-86675
-86671
-86670
-86668
-86624
-86616
-86579
-86560
-86555
-86547
-86507
-86500
-86486
-86458
-86433
-86400
-86373
-86338
-86280
-86279
-86271
-86262
-86262
-86254
-86243
-86222
-86219
-86208
-86202
-86198
-86186
-86181
-86175
-86174
-86155
-86155
-86105
-86095
-86093
-86080
-86015
-86015
-85975
-85954
-85927
-85896
-85846
-85830
-85825
-85819
-85795
-85794
-85793
-85739
-85727
-85726
-85684
-85619
-85614
-85607
-85598
-85595
-85557
-85466
-85449
-85448
-85416
-85388
-85376
-85349
-85343
-85321
-85319
-85309
-85296
-85285
-85248
-85234
-85124
-85112
-85099
-85097
-85067
-85067
-85046
-85000
-84988
-84983
-84967
-84930
-84860
-84854
-84835
-84835
-84834
-84829
-84799
-84785
-84779
-84772
-84749
-84724
-84695
-84684
-84626
-84604
-84604
-84595
-84563
-84535
-84525
-84521
-84509
-84495
-84454
-84426
-84410
-84384
-84323
-84253
-84252
-84214
-84189
-84132
-84115
-84105
-84101
-84057
-84041
-84022
-83994
-83942
-83938
-83936
-83932
-83896
-83864
-83813
-83810
-83806
-83793
-83773
-83758
-83754
-83739
-83712
-83658
-83644
-83617
-83586
-83552
-83517
-83505
-83494
-83484
-83457
-83438
-83425
-83336
-83328
-83325
-83289
-83261
-83254
-83252
-83245
-83231
-83223
-83211
-83203
-83202
-83167
-83142
-83140
-83086
-83058
-83045
-83035
-83030
-83028
-82992
-82966
-82940
-82925
-82906
-82887
-82855
-82829
-82821
-82820
-82818
-82804
-82796
-82773
-82771
-82755
-82735
-82701
-82652
-82640
-82634
-82627
-82606
-82598
-82543
-82514
-82501
-82488
-82475
-82454
-82380
-82368
-82281
-82265
-82203
-82191
-82189
-82170
-82157
-82146
-82118
-82081
-82042
-82036
-82028
-81985
-81981
-81949
-81944
-81926
-81918
-81917
-81851
-81817
-81781
-81777
-81738
-81730
-81713
-81677
-81653
-81635
-81628
-81603
-81594
-81589
-81580
-81552
-81534
-81522
-81494
-81426
-81374
-81372
-81357
-81339
-81251
-81249
-81223
-81204
-81154
-81131
-81124
-81087
-81062
-81052
-81030
-81023
-81015
-81005
-80993
-80945
-80891
-80887
-80854
-80847
-80767
-80760
-80759
-80757
-80738
-80722
-80690
-80677
-80672
-80665
-80636
-80614
-80595
-80570
-80561
-80545
-80482
-80474
-80471
-80455
-80449
-80401
-80398
-80389
-80345
-80330
-80285
-80265
-80264
-80215
-80210
-80168
-80144
-80135
-80094
-80091
-80056
-80014
-80005
-79993
-79967
-79960
-79893
-79877
-79876
-79813
-79736
-79734
-79731
-79675
-79616
-79611
-79585
-79510
-79478
-79473
-79427
-79406
-79399
-79359
-79332
-79295
-79252
-79209
-79161
-79120
-79117
-79102
-79087
-79070
-79032
-79031
-78949
-78902
-78888
-78861
-78861
-78854
-78831
-78823
-78806
-78801
-78785
-78761
-78740
-78736
-78715
-78691
-78679
-78666
-78665
-78652
-78643
-78617
-78608
-78599
-78521
-78516
-78506
-78480
-78469
-78425
-78421
-78414
-78379
-78366
-78358
-78331
-78329
-78315
-78298
-78249
-78235
-78232
-78191
-78143
-78142
-78049
-78031
-78019
-78019
-78009
-77988
-77983
-77960
-77938
-77938
-77851
-77845
-77806
-77803
-77791
-77789
-77766
-77741
-77697
-77693
-77689
-77675
-77632
-77623
-77611
-77583
-77582
-77567
-77562
-77558
-77526
-77471
-77464
-77448
-77438
-77423
-77420
-77419
-77409
-77405
-77384
-77360
-77345
-77331
-77328
-77328
-77301
-77276
-77275
-77274
-77260
-77236
-77214
-77206
-77183
-77168
-77141
-77128
-77121
-77115
-77107
-77085
-77072
-77056
-77055
-77042
-77024
-76996
-76936
-76921
-76915
-76895
-76884
-76855
-76854
-76766
-76759
-76737
-76721
-76702
-76686
-76682
-76657
-76654
-76627
-76619
-76598
-76571
-76552
-76515
-76512
-76509
-76487
-76480
-76411
-76405
-76399
-76379
-76370
-76359
-76357
-76342
-76293
-76241
-76227
-76211
-76207
-76195
-76145
-76143
-76137
-76133
-76090
-76053
-76050
-76031
-75991
-75991
-75983
-75934
-75921
-75917
-75893
-75865
-75829
-75799
-75790
-75760
-75754
-75751
-75732
-75680
-75653
-75619
-75570
-75553
-75534
-75522
-75520
-75508
-75379
-75376
-75358
-75352
-75351
-75349
-75300
-75293
-75275
-75246
-75239
-75175
-75153
-75134
-75079
-75075
-75064
-75053
-75035
-75023
-74986
-74958
-74948
-74947
-74934
-74928
-74901
-74892
-74889
-74859
-74849
-74808
-74806
-74802
-74796
-74790
-74787
-74782
-74769
-74759
-74747
-74732
-74692
-74680
-74650
-74572
-74570
-74497
-74470
-74463
-74450
-74426
-74415
-74380
-74377
-74369
-74366
-74330
-74308
-74282
-74279
-74209
-74185
-74107
-74105
-74041
-74035
-74025
-74023
-74005
-73997
-73990
-73982
-73961
-73956
-73940
-73936
-73836
-73832
-73813
-73811
-73811
-73794
-73791
-73768
-73680
-73631
-73606
-73568
-73480
-73469
-73418
-73417
-73396
-73394
-73387
-73371
-73340
-73316
-73304
-73285
-73252
-73244
-73240
-73218
-73205
-73194
-73189
-73187
-73183
-73182
-73156
-73149
-73143
-73139
-73122
-73119
-73077
-73036
-73027
-72994
-72993
-72983
-72979
-72938
-72930
-72881
-72876
-72872
-72869
-72863
-72849
-72833
-72810
-72808
-72802
-72749
-72709
-72700
-72696
-72656
-72645
-72644
-72582
-72523
-72506
-72485
-72463
-72444
-72421
-72379
-72358
-72356
-72316
-72315
-72309
-72288
-72286
-72282
-72278
-72253
-72205
-72201
-72198
-72198
-72100
-72087
-72082
-72041
-72002
-71990
-71976
-71950
-71934
-71933
-71927
-71919
-71910
-71906
-71900
-71892
-71889
-71839
-71812
-71783
-71765
-71742
-71721
-71704
-71666
-71657
-71656
-71653
-71635
-71616
-71599
-71583
-71566
-71544
-71521
-71506
-71495
-71484
-71430
-71409
-71409
-71400
-71365
-71358
-71270
-71266
-71265
-71251
-71249
-71188
-71187
-71179
-71167
-71152
-71128
-71107
-71091
-71032
-70995
-70979
-70916
-70868
-70831
-70765
-70741
-70737
-70721
-70692
-70672
-70616
-70593
-70581
-70565
-70538
-70486
-70464
-70461
-70427
-70412
-70382
-70355
-70304
-70292
-70270
-70223
-70210
-70210
-70198
-70170
-70153
-70149
-70147
-70121
-70115
-70103
-70069
-70061
-70038
-70035
-70017
-70008
-70004
-69988
-69966
-69941
-69938
-69903
-69899
-69897
-69882
-69866
-69829
-69795
-69771
-69745
-69690
-69674
-69666
-69664
-69640
-69615
-69598
-69596
-69594
-69583
-69577
-69575
-69562
-69559
-69555
-69529
-69496
-69491
-69489
-69462
-69457
-69439
-69402
-69395
-69389
-69387
-69368
-69353
-69348
-69337
-69324
-69295
-69283
-69266
-69250
-69212
-69206
-69188
-69157
-69148
-69106
-69097
-69097
-69090
-69077
-69077
-69048
-69033
-69025
-68998
-68995
-68984
-68956
-68901
-68855
-68841
-68794
-68784
-68748
-68746
-68724
-68715
-68670
-68607
-68602
-68590
-68572
-68554
-68537
-68519
-68468
-68463
-68445
-68445
-68434
-68408
-68399
-68397
-68362
-68354
-68345
-68331
-68290
-68257
-68242
-68177
-68162
-68159
-68153
-68141
-68123
-68105
-68069
-68067
-68061
-68056
-68052
-68043
-68041
-68011
-67965
-67961
-67956
-67950
-67938
-67927
-67899
-67871
-67767
-67696
-67678
-67669
-67641
-67640
-67639
-67630
-67614
-67606
-67590
-67530
-67495
-67457
-67419
-67391
-67388
-67373
-67363
-67356
-67303
-67265
-67263
-67238
-67188
-67152
-67117
-67093
-67083
-67067
-67062
-67061
-67046
-67043
-67029
-67027
-67021
-67007
-66992
-66965
-66942
-66894
-66880
-66845
-66841
-66800
-66788
-66747
-66746
-66730
-66725
-66670
-66657
-66651
-66641
-66610
-66591
-66565
-66565
-66562
-66434
-66390
-66381
-66310
-66293
-66267
-66260
-66252
-66250
-66235
-66228
-66198
-66148
-66141
-66125
-66119
-66106
-66098
-66093
-66093
-66061
-66058
-66055
-66043
-66023
-66013
-66010
-66003
-65961
-65960
-65945
-65944
-65940
-65928
-65915
-65911
-65827
-65816
-65747
-65736
-65727
-65694
-65693
-65650
-65608
-65582
-65564
-65525
-65507
-65496
-65487
-65470
-65455
-65438
-65401
-65360
-65341
-65296
-65286
-65265
-65237
-65173
-65161
-65155
-65153
-65134
-65132
-65090
-65075
-65032
-65027
-64944
-64941
-64933
-64900
-64894
-64887
-64855
-64844
-64831
-64824
-64804
-64779
-64767
-64755
-64722
-64714
-64644
-64628
-64577
-64559
-64538
-64501
-64501
-64501
-64486
-64484
-64475
-64474
-64462
-64437
-64410
-64384
-64375
-64374
-64348
-64305
-64299
-64285
-64273
-64266
-64259
-64241
-64190
-64182
-64172
-64144
-64138
-64050
-64042
-63989
-63988
-63968
-63939
-63939
-63905
-63901
-63867
-63847
-63847
-63833
-63826
-63799
-63745
-63723
-63707
-63673
-63656
-63634
-63632
-63618
-63618
-63597
-63583
-63539
-63422
-63361
-63331
-63327
-63325
-63306
-63272
-63267
-63263
-63259
-63236
-63203
-63183
-63172
-63163
-63154
-63150
-63107
-63080
-63070
-63065
-63057
-63045
-63038
-63024
-62988
-62935
-62922
-62904
-62859
-62849
-62815
-62802
-62800
-62795
-62764
-62762
-62745
-62718
-62717
-62704
-62683
-62660
-62651
-62636
-62599
-62592
-62580
-62452
-62425
-62424
-62414
-62392
-62322
-62264
-62252
-62250
-62250
-62220
-62206
-62201
-62191
-62189
-62172
-62151
-62119
-62118
-62107
-62100
-62067
-62056
-62047
-62046
-62019
-62009
-61960
-61953
-61940
-61908
-61855
-61846
-61804
-61741
-61719
-61681
-61677
-61677
-61670
-61665
-61647
-61637
-61621
-61602
-61590
-61581
-61580
-61516
-61509
-61496
-61479
-61475
-61472
-61467
-61448
-61442
-61439
-61332
-61317
-61245
-61215
-61194
-61189
-61170
-61074
-61074
-61062
-61060
-61029
-61023
-61001
-60973
-60966
-60945
-60915
-60884
-60875
-60870
-60834
-60832
-60821
-60795
-60792
-60786
-60786
-60780
-60776
-60754
-60732
-60708
-60695
-60612
-60577
-60572
-60569
-60545
-60438
-60437
-60421
-60413
-60394
-60382
-60363
-60359
-60302
-60281
-60253
-60234
-60232
-60206
-60190
-60180
-60171
-60169
-60163
-60126
-60118
-60098
-60087
-60078
-60065
-60061
-60056
-60042
-60035
-60027
-59987
-59978
-59942
-59916
-59899
-59893
-59874
-59863
-59862
-59804
-59801
-59779
-59775
-59736
-59726
-59723
-59713
-59703
-59703
-59702
-59622
-59621
-59606
-59597
-59561
-59560
-59558
-59487
-59480
-59473
-59467
-59463
-59447
-59430
-59387
-59333
-59330
-59289
-59281
-59272
-59242
-59233
-59215
-59181
-59152
-59135
-59119
-59110
-59109
-59041
-59024
-59021
-59014
-58944
-58938
-58934
-58879
-58876
-58873
-58850
-58843
-58832
-58821
-58754
-58753
-58747
-58747
-58743
-58727
-58699
-58691
-58673
-58670
-58644
-58629
-58624
-58592
-58583
-58580
-58577
-58563
-58534
-58526
-58524
-58509
-58475
-58448
-58425
-58413
-58391
-58390
-58390
-58381
-58365
-58364
-58340
-58334
-58290
-58259
-58257
-58236
-58167
-58156
-58142
-58134
-58117
-58111
-58085
-58085
-58080
-58054
-58019
-58016
-58011
-57974
-57960
-57958
-57945
-57943
-57922
-57900
-57895
-57877
-57875
-57875
-57872
-57853
-57845
-57803
-57802
-57775
-57769
-57749
-57745
-57742
-57729
-57729
-57668
-57627
-57625
-57565
-57565
-57549
-57516
-57489
-57469
-57421
-57400
-57360
-57349
-57332
-57323
-57317
-57297
-57271
-57247
-57220
-57203
-57191
-57178
-57158
-57154
-57150
-57144
-57141
-57062
-57010
-56930
-56898
-56889
-56855
-56854
-56800
-56787
-56771
-56749
-56670
-56624
-56584
-56576
-56558
-56541
-56536
-56525
-56512
-56498
-56490
-56484
-56477
-56470
-56458
-56441
-56384
-56346
-56343
-56333
-56325
-56305
-56289
-56286
-56257
-56236
-56231
-56230
-56208
-56124
-56084
-56071
-56012
-55962
-55922
-55919
-55867
-55867
-55857
-55834
-55833
-55825
-55808
-55796
-55776
-55769
-55638
-55619
-55608
-55555
-55554
-55550
-55525
-55514
-55503
-55496
-55485
-55473
-55464
-55429
-55425
-55404
-55402
-55337
-55316
-55255
-55227
-55225
-55209
-55209
-55187
-55176
-55175
-55146
-55140
-55113
-55104
-55097
-55077
-55061
-55050
-54918
-54911
-54891
-54867
-54864
-54849
-54841
-54829
-54799
-54791
-54786
-54770
-54763
-54718
-54675
-54657
-54655
-54650
-54614
-54591
-54556
-54500
-54499
-54465
-54426
-54408
-54397
-54392
-54389
-54365
-54364
-54336
-54329
-54319
-54291
-54239
-54225
-54221
-54198
-54172
-54145
-54135
-54130
-54124
-54096
-54074
-54073
-54072
-54026
-53964
-53939
-53910
-53905
-53895
-53881
-53869
-53868
-53862
-53812
-53688
-53680
-53680
-53662
-53630
-53614
-53540
-53528
-53511
-53510
-53453
-53443
-53419
-53398
-53393
-53378
-53363
-53352
-53350
-53342
-53312
-53274
-53259
-53259
-53213
-53199
-53186
-53176
-53161
-53156
-53145
-53134
-53118
-53097
-53062
-53017
-53010
-53005
-53003
-53002
-52991
-52967
-52950
-52936
-52936
-52911
-52894
-52870
-52867
-52832
-52824
-52789
-52769
-52763
-52729
-52678
-52665
-52649
-52599
-52578
-52552
-52545
-52536
-52520
-52514
-52502
-52433
-52400
-52381
-52374
-52329
-52307
-52259
-52256
-52225
-52200
-52192
-52187
-52183
-52179
-52154
-52150
-52146
-52117
-52059
-52032
-52028
-52016
-52007
-52004
-51949
-51923
-51897
-51884
-51874
-51840
-51834
-51826
-51811
-51810
-51806
-51805
-51805
-51768
-51751
-51739
-51720
-51708
-51674
-51647
-51640
-51543
-51533
-51532
-51530
-51512
-51487
-51471
-51450
-51441
-51429
-51427
-51414
-51414
-51389
-51378
-51373
-51352
-51250
-51246
-51239
-51232
-51231
-51227
-51198
-51187
-51176
-51133
-51122
-51122
-51103
-51090
-51060
-51057
-51049
-51032
-51022
-51019
-51015
-50999
-50986
-50984
-50983
-50980
-50957
-50947
-50943
-50901
-50893
-50880
-50876
-50821
-50816
-50792
-50787
-50778
-50777
-50763
-50753
-50710
-50678
-50676
-50666
-50652
-50591
-50582
-50547
-50522
-50510
-50508
-50490
-50419
-50401
-50380
-50330
-50285
-50230
-50217
-50214
-50198
-50192
-50103
-50076
-50008
-49954
-49893
-49862
-49859
-49859
-49856
-49812
-49803
-49765
-49730
-49663
-49653
-49642
-49613
-49553
-49547
-49536
-49530
-49514
-49512
-49447
-49431
-49417
-49416
-49412
-49410
-49391
-49381
-49350
-49315
-49312
-49311
-49306
-49257
-49245
-49228
-49227
-49223
-49210
-49207
-49207
-49185
-49175
-49141
-49136
-49120
-49117
-49103
-49097
-49097
-49040
-48948
-48933
-48916
-48879
-48845
-48747
-48740
-48726
-48644
-48635
-48616
-48595
-48592
-48584
-48582
-48495
-48460
-48428
-48425
-48398
-48366
-48359
-48352
-48341
-48328
-48312
-48302
-48302
-48293
-48281
-48279
-48247
-48234
-48197
-48181
-48169
-48162
-48148
-48113
-48112
-48090
-48083
-48065
-48030
-48027
-47941
-47923
-47917
-47902
-47888
-47874
-47853
-47849
-47823
-47805
-47782
-47764
-47745
-47733
-47731
-47722
-47696
-47657
-47630
-47559
-47533
-47498
-47452
-47448
-47442
-47442
-47430
-47422
-47305
-47304
-47269
-47252
-47248
-47239
-47236
-47223
-47219
-47217
-47204
-47197
-47150
-47148
-47119
-47102
-47090
-47074
-47009
-46986
-46957
-46945
-46937
-46918
-46893
-46862
-46854
-46853
-46853
-46845
-46819
-46816
-46803
-46798
-46795
-46785
-46698
-46694
-46633
-46594
-46567
-46563
-46550
-46545
-46529
-46517
-46514
-46511
-46499
-46487
-46439
-46424
-46422
-46378
-46376
-46364
-46362
-46355
-46341
-46245
-46208
-46196
-46184
-46176
-46168
-46164
-46153
-46072
-46062
-46042
-46007
-45988
-45969
-45884
-45874
-45872
-45869
-45868
-45852
-45835
-45821
-45799
-45748
-45727
-45724
-45718
-45677
-45675
-45653
-45627
-45614
-45604
-45601
-45569
-45529
-45516
-45506
-45483
-45463
-45444
-45411
-45408
-45398
-45384
-45379
-45357
-45309
-45304
-45294
-45239
-45239
-45210
-45187
-45158
-45150
-45142
-45110
-45099
-45095
-45050
-45047
-45021
-45013
-44993
-44974
-44967
-44937
-44934
-44874
-44863
-44861
-44844
-44842
-44802
-44798
-44794
-44780
-44757
-44699
-44679
-44668
-44637
-44632
-44604
-44602
-44599
-44587
-44582
-44572
-44551
-44536
-44517
-44502
-44496
-44485
-44452
-44421
-44419
-44379
-44370
-44354
-44333
-44241
-44234
-44226
-44207
-44188
-44181
-44121
-44117
-44097
-44093
-44073
-44034
-44026
-44000
-43983
-43978
-43965
-43954
-43925
-43915
-43915
-43881
-43841
-43834
-43833
-43828
-43812
-43780
-43777
-43741
-43729
-43696
-43690
-43676
-43672
-43664
-43663
-43637
-43635
-43621
-43620
-43617
-43592
-43566
-43527
-43525
-43511
-43508
-43499
-43482
-43479
-43473
-43449
-43395
-43395
-43394
-43369
-43350
-43335
-43314
-43301
-43293
-43282
-43252
-43251
-43241
-43240
-43235
-43145
-43114
-43097
-43094
-43086
-43079
-43078
-43049
-43016
-43004
-42945
-42935
-42925
-42870
-42838
-42817
-42803
-42794
-42774
-42766
-42762
-42725
-42707
-42671
-42629
-42626
-42598
-42594
-42584
-42584
-42557
-42546
-42538
-42533
-42526
-42524
-42509
-42502
-42500
-42483
-42401
-42386
-42362
-42358
-42357
-42338
-42322
-42315
-42297
-42294
-42279
-42274
-42261
-42259
-42241
-42234
-42174
-42168
-42139
-42134
-42127
-42105
-42104
-42084
-42055
-42039
-42022
-42017
-42015
-42008
-41991
-41986
-41952
-41948
-41948
-41944
-41942
-41895
-41880
-41852
-41844
-41844
-41826
-41813
-41774
-41756
-41677
-41677
-41673
-41644
-41624
-41617
-41615
-41598
-41502
-41489
-41463
-41458
-41442
-41405
-41371
-41354
-41280
-41270
-41240
-41200
-41193
-41191
-41071
-41043
-41024
-41024
-41022
-40980
-40978
-40960
-40936
-40906
-40875
-40794
-40780
-40770
-40753
-40703
-40677
-40670
-40647
-40624
-40607
-40601
-40573
-40526
-40525
-40509
-40488
-40474
-40447
-40445
-40441
-40406
-40380
-40377
-40360
-40355
-40338
-40333
-40280
-40279
-40255
-40239
-40226
-40212
-40170
-40103
-40087
-40077
-40060
-40047
-40019
-39977
-39976
-39974
-39971
-39970
-39942
-39928
-39892
-39848
-39843
-39840
-39832
-39796
-39781
-39656
-39629
-39604
-39556
-39553
-39552
-39545
-39536
-39510
-39496
-39464
-39444
-39422
-39416
-39405
-39398
-39359
-39357
-39348
-39336
-39315
-39309
-39300
-39299
-39288
-39279
-39268
-39244
-39226
-39212
-39177
-39143
-39137
-39113
-39109
-39087
-39084
-39066
-39048
-39009
-38976
-38966
-38960
-38901
-38900
-38892
-38860
-38802
-38800
-38795
-38765
-38759
-38747
-38745
-38740
-38739
-38728
-38586
-38574
-38571
-38558
-38545
-38534
-38507
-38501
-38458
-38383
-38382
-38382
-38374
-38356
-38352
-38337
-38315
-38313
-38299
-38288
-38283
-38225
-38211
-38198
-38196
-38147
-38140
-38102
-38093
-38090
-38066
-38023
-38016
-37990
-37983
-37973
-37969
-37956
-37942
-37913
-37908
-37905
-37895
-37838
-37819
-37817
-37778
-37758
-37748
-37745
-37730
-37663
-37655
-37614
-37612
-37574
-37573
-37560
-37543
-37518
-37497
-37467
-37452
-37444
-37374
-37361
-37324
-37317
-37315
-37315
-37304
-37300
-37284
-37272
-37268
-37268
-37258
-37209
-37206
-37202
-37198
-37161
-37151
-37125
-37120
-37115
-37109
-37106
-37091
-37084
-37069
-37066
-37040
-37031
-37018
-36976
-36970
-36948
-36941
-36937
-36902
-36893
-36886
-36881
-36874
-36833
-36812
-36807
-36801
-36747
-36702
-36655
-36653
-36651
-36626
-36626
-36626
-36594
-36565
-36526
-36526
-36517
-36507
-36494
-36472
-36470
-36452
-36425
-36418
-36401
-36399
-36365
-36337
-36318
-36314
-36313
-36266
-36251
-36174
-36146
-36131
-36123
-36117
-36098
-36093
-36087
-36071
-36044
-36035
-36023
-36014
-35999
-35975
-35962
-35945
-35882
-35862
-35857
-35848
-35841
-35821
-35815
-35808
-35796
-35794
-35740
-35693
-35690
-35655
-35643
-35641
-35607
-35577
-35573
-35561
-35558
-35522
-35506
-35493
-35474
-35420
-35381
-35369
-35369
-35363
-35361
-35361
-35337
-35320
-35295
-35278
-35253
-35236
-35061
-35059
-35049
-35018
-35015
-35000
-34925
-34894
-34887
-34875
-34866
-34831
-34795
-34780
-34770
-34769
-34763
-34739
-34729
-34725
-34707
-34695
-34691
-34680
-34660
-34636
-34630
-34597
-34585
-34585
-34559
-34529
-34507
-34507
-34501
-34486
-34464
-34360
-34345
-34313
-34295
-34286
-34265
-34261
-34236
-34224
-34205
-34171
-34163
-34142
-34083
-34062
-34062
-34040
-34038
-34011
-33963
-33954
-33937
-33928
-33916
-33906
-33899
-33891
-33881
-33782
-33782
-33778
-33761
-33732
-33700
-33683
-33672
-33647
-33638
-33628
-33604
-33592
-33505
-33503
-33491
-33488
-33465
-33459
-33428
-33422
-33390
-33384
-33373
-33360
-33300
-33269
-33259
-33252
-33189
-33107
-33077
-33067
-32999
-32987
-32932
-32916
-32888
-32884
-32856
-32783
-32779
-32759
-32751
-32646
-32597
-32589
-32577
-32520
-32509
-32495
-32489
-32465
-32438
-32423
-32417
-32412
-32409
-32407
-32399
-32397
-32376
-32374
-32350
-32349
-32347
-32304
-32287
-32268
-32206
-32198
-32185
-32169
-32121
-32076
-32050
-32027
-32019
-32010
-32000
-31993
-31952
-31951
-31932
-31879
-31823
-31809
-31806
-31796
-31776
-31757
-31739
-31736
-31712
-31706
-31697
-31682
-31680
-31639
-31639
-31607
-31587
-31581
-31578
-31562
-31555
-31555
-31538
-31522
-31518
-31479
-31463
-31443
-31432
-31400
-31385
-31343
-31341
-31330
-31317
-31267
-31236
-31233
-31226
-31217
-31179
-31179
-31178
-31173
-31148
-31147
-31144
-31130
-31109
-31064
-31056
-31035
-31033
-30971
-30934
-30912
-30911
-30898
-30845
-30842
-30832
-30820
-30799
-30776
-30772
-30721
-30705
-30686
-30649
-30633
-30624
-30608
-30586
-30578
-30572
-30562
-30545
-30533
-30517
-30453
-30453
-30452
-30449
-30448
-30446
-30423
-30397
-30389
-30321
-30317
-30314
-30308
-30292
-30250
-30217
-30212
-30155
-30144
-30144
-30125
-30100
-30079
-30074
-30066
-30063
-30033
-30032
-30012
-30001
-29983
-29978
-29972
-29945
-29931
-29914
-29908
-29908
-29907
-29891
-29888
-29869
-29783
-29753
-29695
-29670
-29653
-29641
-29615
-29598
-29585
-29573
-29570
-29563
-29562
-29551
-29518
-29459
-29422
-29387
-29345
-29292
-29289
-29278
-29191
-29176
-29169
-29117
-29110
-29088
-29038
-29032
-29022
-29019
-29004
-28983
-28959
-28958
-28958
-28954
-28948
-28899
-28842
-28838
-28834
-28824
-28821
-28801
-28789
-28776
-28760
-28737
-28704
-28682
-28673
-28668
-28626
-28561
-28545
-28527
-28511
-28505
-28468
-28462
-28452
-28419
-28412
-28385
-28376
-28351
-28314
-28257
-28220
-28217
-28138
-28118
-28109
-28102
-28097
-28069
-27987
-27971
-27958
-27913
-27899
-27891
-27865
-27851
-27849
-27826
-27823
-27817
-27776
-27747
-27736
-27723
-27632
-27620
-27567
-27563
-27555
-27554
-27539
-27512
-27506
-27501
-27475
-27454
-27453
-27438
-27340
-27253
-27231
-27194
-27177
-27161
-27142
-27120
-27108
-27104
-27102
-27094
-27026
-27000
-26989
-26982
-26978
-26947
-26940
-26939
-26931
-26918
-26910
-26894
-26892
-26856
-26848
-26833
-26828
-26814
-26781
-26763
-26730
-26724
-26665
-26655
-26651
-26645
-26641
-26634
-26623
-26613
-26610
-26608
-26596
-26564
-26540
-26503
-26486
-26447
-26398
-26391
-26386
-26381
-26376
-26360
-26289
-26278
-26272
-26240
-26225
-26185
-26176
-26162
-26134
-26097
-26088
-26050
-26033
-25991
-25979
-25915
-25912
-25900
-25880
-25853
-25835
-25815
-25755
-25718
-25713
-25694
-25634
-25630
-25612
-25601
-25596
-25578
-25567
-25517
-25514
-25513
-25495
-25383
-25369
-25344
-25340
-25334
-25324
-25323
-25320
-25302
-25289
-25284
-25274
-25263
-25226
-25206
-25201
-25188
-25174
-25168
-25112
-25080
-25074
-25048
-25033
-25027
-25027
-25021
-25014
-25006
-25004
-24996
-24975
-24941
-24938
-24936
-24825
-24823
-24816
-24804
-24786
-24776
-24774
-24774
-24750
-24742
-24720
-24712
-24706
-24692
-24667
-24660
-24642
-24624
-24610
-24599
-24560
-24549
-24547
-24539
-24524
-24438
-24437
-24415
-24395
-24392
-24383
-24351
-24312
-24308
-24305
-24290
-24239
-24229
-24227
-24217
-24207
-24193
-24174
-24155
-24147
-24139
-24118
-24113
-24090
-23995
-23972
-23968
-23968
-23954
-23942
-23930
-23880
-23878
-23842
-23821
-23808
-23791
-23785
-23777
-23777
-23774
-23773
-23769
-23750
-23726
-23721
-23714
-23703
-23698
-23682
-23677
-23670
-23647
-23644
-23617
-23603
-23599
-23597
-23576
-23556
-23547
-23522
-23520
-23519
-23498
-23485
-23469
-23455
-23440
-23396
-23394
-23388
-23379
-23351
-23351
-23337
-23334
-23317
-23273
-23270
-23236
-23228
-23221
-23205
-23195
-23175
-23163
-23140
-23138
-23079
-23067
-23059
-23051
-23022
-23011
-23007
-22989
-22944
-22899
-22897
-22895
-22885
-22883
-22866
-22861
-22762
-22746
-22732
-22731
-22705
-22692
-22670
-22661
-22658
-22613
-22569
-22560
-22543
-22535
-22531
-22526
-22511
-22483
-22463
-22453
-22427
-22419
-22414
-22388
-22344
-22320
-22317
-22303
-22295
-22265
-22250
-22239
-22229
-22223
-22210
-22203
-22129
-22101
-22077
-21979
-21968
-21960
-21957
-21946
-21916
-21882
-21876
-21850
-21825
-21822
-21820
-21783
-21783
-21778
-21777
-21772
-21758
-21739
-21710
-21691
-21689
-21674
-21665
-21657
-21631
-21604
-21584
-21578
-21552
-21503
-21501
-21490
-21489
-21449
-21393
-21345
-21300
-21254
-21247
-21201
-21198
-21195
-21192
-21189
-21035
-21015
-20978
-20965
-20933
-20919
-20917
-20910
-20897
-20875
-20847
-20839
-20797
-20793
-20790
-20718
-20713
-20669
-20652
-20627
-20575
-20564
-20543
-20536
-20528
-20523
-20522
-20509
-20509
-20501
-20466
-20464
-20460
-20437
-20416
-20319
-20293
-20292
-20268
-20227
-20224
-20182
-20158
-20135
-20132
-20118
-20057
-20033
-20028
-20015
-20013
-19994
-19970
-19966
-19952
-19941
-19891
-19867
-19811
-19797
-19790
-19786
-19765
-19747
-19740
-19733
-19721
-19715
-19703
-19691
-19641
-19640
-19638
-19614
-19610
-19602
-19566
-19560
-19553
-19542
-19536
-19528
-19525
-19505
-19488
-19478
-19472
-19456
-19445
-19393
-19345
-19328
-19317
-19315
-19292
-19288
-19269
-19268
-19262
-19227
-19213
-19208
-19153
-19081
-19065
-19055
-19048
-19039
-19037
-19034
-18999
-18998
-18982
-18975
-18926
-18899
-18853
-18841
-18762
-18756
-18739
-18736
-18719
-18701
-18680
-18678
-18640
-18614
-18601
-18537
-18464
-18447
-18410
-18391
-18375
-18363
-18363
-18329
-18324
-18296
-18264
-18258
-18204
-18201
-18193
-18190
-18155
-18130
-18121
-18089
-18084
-18063
-18054
-18025
-18021
-18004
-17995
-17995
-17962
-17958
-17956
-17935
-17928
-17888
-17876
-17863
-17860
-17859
-17807
-17797
-17765
-17763
-17760
-17749
-17746
-17731
-17724
-17705
-17698
-17698
-17682
-17657
-17624
-17583
-17508
-17485
-17450
-17425
-17420
-17406
-17354
-17335
-17317
-17286
-17270
-17265
-17248
-17223
-17217
-17188
-17168
-17158
-17156
-17077
-17076
-17060
-17058
-17030
-17009
-16972
-16938
-16919
-16907
-16904
-16789
-16780
-16774
-16767
-16764
-16759
-16751
-16720
-16711
-16702
-16700
-16670
-16666
-16638
-16600
-16574
-16559
-16518
-16517
-16501
-16480
-16454
-16424
-16394
-16325
-16322
-16313
-16307
-16301
-16296
-16232
-16231
-16196
-16180
-16174
-16171
-16149
-16102
-16070
-16061
-16051
-16049
-16019
-16016
-16013
-15991
-15978
-15969
-15967
-15934
-15921
-15915
-15898
-15883
-15877
-15871
-15868
-15804
-15795
-15778
-15771
-15756
-15705
-15701
-15700
-15685
-15667
-15644
-15616
-15607
-15583
-15570
-15558
-15529
-15529
-15526
-15520
-15512
-15468
-15460
-15440
-15415
-15396
-15396
-15365
-15322
-15319
-15318
-15288
-15262
-15254
-15231
-15227
-15216
-15211
-15167
-15134
-15117
-15065
-15053
-15039
-15029
-14989
-14985
-14971
-14970
-14967
-14903
-14898
-14891
-14854
-14827
-14816
-14809
-14803
-14789
-14771
-14744
-14736
-14735
-14729
-14717
-14696
-14694
-14678
-14673
-14654
-14649
-14594
-14587
-14579
-14549
-14535
-14505
-14464
-14461
-14448
-14428
-14427
-14425
-14372
-14343
-14333
-14328
-14322
-14296
-14261
-14236
-14223
-14203
-14193
-14178
-14170
-14166
-14130
-14126
-14107
-14097
-14068
-14054
-14051
-14022
-14014
-13988
-13968
-13900
-13884
-13880
-13873
-13861
-13857
-13843
-13824
-13807
-13790
-13784
-13783
-13728
-13690
-13668
-13662
-13577
-13533
-13530
-13522
-13516
-13507
-13461
-13449
-13437
-13401
-13368
-13366
-13361
-13349
-13340
-13323
-13322
-13293
-13284
-13284
-13254
-13253
-13223
-13217
-13167
-13162
-13159
-13151
-13149
-13143
-13126
-13112
-13098
-13067
-13066
-13048
-13018
-12989
-12987
-12970
-12954
-12890
-12861
-12852
-12840
-12762
-12757
-12755
-12749
-12747
-12739
-12732
-12682
-12668
-12655
-12650
-12648
-12646
-12584
-12583
-12557
-12520
-12503
-12498
-12497
-12468
-12422
-12404
-12373
-12329
-12316
-12227
-12216
-12146
-12137
-12122
-12102
-12075
-12054
-12053
-12027
-12026
-12018
-11989
-11959
-11953
-11915
-11880
-11863
-11858
-11822
-11750
-11740
-11728
-11702
-11679
-11667
-11638
-11630
-11628
-11582
-11553
-11498
-11463
-11409
-11367
-11361
-11344
-11302
-11287
-11271
-11240
-11235
-11179
-11177
-11099
-11084
-11078
-11064
-11055
-11039
-11030
-11009
-10986
-10976
-10969
-10954
-10928
-10888
-10880
-10867
-10843
-10814
-10716
-10714
-10713
-10707
-10688
-10673
-10669
-10651
-10632
-10627
-10601
-10581
-10546
-10520
-10513
-10512
-10436
-10420
-10411
-10390
-10377
-10375
-10375
-10366
-10312
-10237
-10221
-10147
-10090
-10064
-9999
-9959
-9908
-9890
-9858
-9840
-9776
-9769
-9768
-9764
-9731
-9720
-9712
-9690
-9638
-9623
-9588
-9576
-9572
-9516
-9508
-9471
-9457
-9456
-9438
-9434
-9427
-9419
-9382
-9368
-9343
-9330
-9322
-9318
-9226
-9224
-9210
-9206
-9197
-9197
-9172
-9157
-9135
-9093
-9063
-9049
-9044
-8970
-8964
-8953
-8940
-8926
-8901
-8844
-8841
-8840
-8738
-8733
-8712
-8686
-8656
-8641
-8604
-8599
-8586
-8569
-8500
-8481
-8454
-8452
-8447
-8405
-8396
-8350
-8314
-8310
-8289
-8279
-8267
-8262
-8243
-8184
-8093
-8089
-8078
-8067
-7970
-7954
-7932
-7930
-7910
-7878
-7855
-7793
-7760
-7730
-7711
-7678
-7658
-7643
-7635
-7617
-7617
-7601
-7576
-7542
-7529
-7498
-7492
-7488
-7475
-7456
-7426
-7349
-7347
-7340
-7331
-7265
-7263
-7238
-7232
-7186
-7144
-7123
-7117
-7117
-7115
-7096
-7089
-7081
-7065
-7059
-7056
-7045
-7039
-6970
-6959
-6912
-6911
-6896
-6892
-6886
-6880
-6880
-6873
-6842
-6827
-6810
-6786
-6764
-6734
-6712
-6701
-6668
-6643
-6589
-6586
-6577
-6569
-6544
-6521
-6517
-6506
-6496
-6492
-6480
-6472
-6446
-6431
-6420
-6411
-6386
-6359
-6315
-6268
-6246
-6203
-6184
-6172
-6163
-6106
-6070
-6058
-6045
-6028
-5984
-5981
-5952
-5949
-5946
-5938
-5932
-5926
-5918
-5870
-5846
-5827
-5822
-5786
-5730
-5717
-5694
-5683
-5670
-5638
-5636
-5612
-5604
-5594
-5593
-5590
-5585
-5563
-5560
-5495
-5479
-5437
-5433
-5395
-5392
-5383
-5364
-5338
-5325
-5308
-5286
-5262
-5249
-5169
-5166
-5141
-5096
-5070
-5054
-5037
-5024
-5023
-5003
-4978
-4972
-4969
-4964
-4922
-4912
-4900
-4899
-4891
-4890
-4883
-4859
-4805
-4761
-4727
-4686
-4651
-4650
-4630
-4599
-4597
-4564
-4552
-4536
-4523
-4490
-4470
-4469
-4458
-4428
-4426
-4402
-4356
-4320
-4305
-4302
-4243
-4231
-4199
-4131
-4097
-4085
-4085
-4068
-4023
-3987
-3979
-3956
-3939
-3926
-3915
-3911
-3890
-3886
-3863
-3858
-3858
-3829
-3807
-3800
-3775
-3768
-3761
-3750
-3747
-3740
-3738
-3709
-3699
-3689
-3679
-3677
-3669
-3630
-3616
-3615
-3594
-3581
-3567
-3550
-3536
-3529
-3439
-3410
-3405
-3390
-3377
-3377
-3374
-3373
-3325
-3316
-3291
-3283
-3275
-3254
-3207
-3203
-3164
-3154
-3138
-3095
-3064
-3058
-3054
-3026
-3014
-3000
-2982
-2978
-2962
-2955
-2902
-2827
-2795
-2669
-2664
-2659
-2630
-2627
-2569
-2528
-2525
-2519
-2501
-2500
-2486
-2454
-2448
-2435
-2425
-2395
-2358
-2356
-2321
-2287
-2282
-2252
-2226
-2214
-2192
-2162
-2140
-2106
-2103
-2100
-2053
-1986
-1982
-1973
-1934
-1880
-1875
-1875
-1869
-1862
-1848
-1848
-1800
-1792
-1773
-1769
-1761
-1745
-1740
-1729
-1729
-1726
-1711
-1707
-1673
-1659
-1642
-1638
-1627
-1615
-1602
-1589
-1584
-1571
-1569
-1528
-1490
-1462
-1427
-1419
-1413
-1393
-1356
-1325
-1287
-1245
-1212
-1168
-1163
-1160
-1141
-1096
-1051
-1043
-938
-924
-913
-873
-867
-842
-821
-803
-795
-785
-766
-748
-733
-730
-730
-726
-693
-627
-619
-607
-581
-558
-547
-546
-523
-491
-457
-427
-400
-389
-375
-364
-337
-331
-323
-322
-320
-317
-262
-148
-59
-55
-49
-41
-17
-8
-2
6
88
89
89
92
150
162
194
207
224
250
277
280
299
307
327
341
354
403
407
427
459
480
495
511
522
528
538
559
617
624
630
673
675
712
762
772
782
787
835
840
843
851
851
854
880
901
918
939
954
988
1014
1032
1038
1047
1058
1098
1101
1102
1128
1143
1149
1160
1236
1244
1257
1278
1303
1322
1337
1344
1345
1357
1384
1394
1400
1429
1460
1478
1499
1512
1557
1563
1624
1685
1717
1719
1727
1752
1761
1817
1859
1860
1863
1867
1894
1903
1933
1993
2011
2016
2030
2068
2074
2137
2143
2151
2155
2162
2176
2179
2200
2216
2224
2230
2237
2270
2287
2298
2302
2312
2315
2335
2368
2370
2382
2406
2455
2457
2496
2535
2597
2605
2619
2644
2652
2705
2721
2758
2789
2793
2832
2867
2895
2908
2950
2959
2974
3005
3020
3032
3061
3061
3078
3125
3146
3175
3200
3204
3230
3277
3280
3351
3369
3420
3434
3472
3485
3547
3549
3588
3613
3637
3652
3661
3666
3686
3703
3710
3719
3727
3730
3732
3743
3743
3746
3863
3868
3882
3897
3903
3913
3918
3919
3920
3934
3941
3968
3978
3991
4017
4026
4040
4054
4085
4086
4089
4112
4224
4228
4302
4312
4407
4424
4437
4440
4443
4449
4461
4512
4525
4526
4535
4549
4561
4562
4577
4577
4596
4631
4635
4691
4705
4732
4785
4792
4795
4803
4806
4819
4847
4870
4882
4904
4916
4919
4937
4945
4973
5038
5051
5061
5069
5077
5084
5109
5114
5127
5157
5212
5232
5275
5328
5330
5346
5351
5355
5390
5428
5490
5496
5500
5519
5525
5545
5548
5594
5607
5627
5657
5670
5752
5753
5760
5809
5866
5886
5889
5904
5940
5941
5942
5969
5969
5985
6004
6032
6055
6105
6106
6107
6185
6191
6218
6218
6252
6359
6406
6406
6437
6447
6453
6494
6531
6537
6540
6600
6602
6624
6642
6664
6674
6686
6695
6698
6710
6718
6719
6730
6750
6750
6751
6800
6802
6824
6824
6827
6838
6877
6916
6916
6920
6937
6947
6974
7019
7019
7033
7059
7059
7063
7082
7083
7085
7105
7108
7145
7145
7147
7173
7176
7216
7249
7287
7312
7354
7361
7403
7406
7428
7433
7434
7456
7460
7473
7540
7551
7569
7593
7665
7707
7713
7717
7724
7759
7776
7790
7802
7811
7842
7850
7879
7884
7887
7900
7922
7955
7955
7991
7995
8005
8013
8018
8019
8020
8085
8119
8121
8128
8151
8183
8187
8193
8204
8208
8212
8236
8253
8283
8313
8341
8359
8366
8394
8403
8423
8451
8508
8577
8587
8595
8597
8613
8624
8643
8654
8656
8671
8689
8692
8710
8731
8735
8741
8749
8756
8760
8762
8776
8818
8824
8834
8849
8863
8873
8897
8927
8928
8929
8946
8975
8994
9015
9097
9099
9099
9109
9132
9235
9257
9264
9278
9302
9314
9320
9323
9332
9348
9381
9402
9428
9465
9505
9526
9527
9544
9579
9594
9598
9599
9630
9678
9701
9710
9710
9714
9746
9761
9767
9821
9833
9907
9936
9943
9952
9953
9957
10022
10045
10046
10068
10079
10103
10126
10162
10171
10180
10181
10196
10211
10263
10275
10288
10303
10309
10318
10331
10335
10364
10368
10384
10427
10437
10495
10530
10537
10542
10548
10638
10655
10674
10716
10723
10752
10779
10787
10813
10845
10861
10876
10896
10914
10928
10982
10987
10996
10998
11020
11031
11037
11066
11066
11096
11105
11131
11152
11202
11208
11245
11278
11327
11337
11346
11379
11383
11409
11459
11459
11460
11469
11485
11524
11527
11543
11560
11569
11601
11642
11645
11662
11695
11700
11766
11812
11816
11822
11842
11852
11893
11922
11923
11955
11999
12005
12010
12028
12043
12043
12056
12072
12078
12098
12127
12146
12149
12156
12171
12180
12193
12220
12230
12238
12244
12253
12290
12305
12338
12341
12392
12403
12407
12427
12447
12492
12505
12505
12530
12537
12571
12632
12644
12687
12698
12710
12714
12766
12778
12779
12796
12881
12908
12921
12937
12951
12951
12971
12984
13007
13020
13049
13055
13062
13107
13153
13157
13181
13212
13219
13236
13242
13295
13359
13369
13452
13478
13487
13492
13500
13508
13519
13551
13590
13619
13662
13664
13666
13691
13698
13698
13728
13729
13742
13744
13849
13859
13993
14026
14041
14084
14088
14093
14109
14121
14121
14151
14167
14188
14202
14216
14233
14264
14275
14275
14287
14292
14308
14309
14328
14334
14337
14348
14351
14355
14424
14424
14459
14467
14476
14496
14548
14571
14593
14614
14621
14652
14681
14702
14715
14724
14727
14738
14749
14792
14806
14854
14856
14863
14864
14874
14881
14892
14917
14917
14919
14977
14982
15006
15019
15043
15062
15063
15164
15165
15181
15184
15214
15218
15229
15232
15235
15239
15256
15268
15276
15276
15279
15317
15351
15392
15408
15441
15462
15489
15491
15563
15575
15585
15608
15644
15657
15701
15736
15750
15775
15779
15784
15827
15869
15896
15900
15908
15935
15947
15955
15986
16001
16012
16044
16060
16071
16091
16091
16107
16113
16148
16151
16180
16196
16229
16241
16249
16276
16286
16301
16344
16348
16354
16354
16355
16369
16371
16406
16419
16421
16430
16433
16442
16447
16470
16471
16492
16498
16530
16580
16595
16640
16661
16676
16683
16695
16717
16723
16724
16740
16744
16746
16759
16759
16792
16816
16852
16869
16870
16874
16875
16882
16891
16897
16914
16932
16951
16962
16981
17015
17041
17042
17062
17091
17091
17139
17190
17198
17258
17308
17376
17387
17421
17437
17640
17650
17665
17684
17691
17697
17701
17704
17707
17726
17794
17837
17864
17865
17867
17878
17915
17915
17939
17940
17945
17947
17980
18009
18035
18049
18072
18081
18129
18135
18136
18141
18193
18233
18265
18268
18327
18330
18334
18337
18410
18420
18427
18439
18448
18470
18479
18487
18498
18532
18551
18559
18561
18569
18574
18593
18641
18652
18654
18685
18707
18723
18742
18753
18766
18779
18785
18798
18812
18813
18820
18864
18879
18920
18926
18988
19017
19019
19067
19080
19087
19096
19106
19109
19136
19152
19155
19156
19169
19201
19209
19230
19239
19247
19276
19296
19312
19318
19319
19336
19357
19366
19368
19425
19456
19457
19480
19483
19496
19503
19532
19570
19588
19609
19625
19639
19647
19658
19668
19675
19683
19687
19712
19724
19738
19818
19892
19997
20015
20037
20052
20062
20106
20144
20145
20149
20159
20170
20174
20182
20191
20211
20220
20225
20287
20325
20327
20331
20484
20516
20530
20567
20592
20617
20646
20657
20687
20701
20736
20771
20771
20783
20786
20796
20821
20850
20852
20857
20867
20884
20890
20918
20927
20935
20957
20979
21022
21028
21046
21050
21067
21077
21121
21124
21142
21148
21169
21170
21172
21174
21217
21224
21249
21288
21294
21305
21311
21318
21342
21355
21365
21375
21384
21398
21433
21463
21475
21529
21536
21542
21546
21560
21562
21602
21602
21612
21613
21655
21667
21686
21700
21710
21721
21750
21785
21793
21811
21816
21851
21874
21892
21912
21925
21946
21965
21984
22032
22037
22086
22088
22092
22107
22125
22137
22162
22164
22167
22180
22207
22212
22221
22255
22300
22300
22335
22352
22378
22389
22440
22441
22487
22489
22505
22531
22558
22575
22612
22612
22634
22640
22655
22667
22679
22687
22716
22746
22748
22767
22772
22782
22783
22799
22803
22827
22859
22878
22891
22894
22923
22988
22999
23052
23060
23096
23105
23165
23225
23241
23245
23253
23275
23316
23343
23390
23432
23451
23453
23507
23539
23566
23596
23622
23630
23664
23683
23685
23703
23716
23722
23741
23755
23768
23771
23801
23817
23836
23837
23946
23955
23972
23993
24000
24061
24081
24089
24097
24116
24121
24170
24196
24198
24201
24263
24263
24267
24269
24279
24299
24329
24342
24348
24378
24402
24402
24434
24555
24582
24627
24643
24647
24665
24704
24733
24735
24739
24761
24766
24768
24769
24781
24807
24844
24878
24923
24930
24933
24941
24941
24952
25044
25044
25067
25081
25083
25088
25091
25093
25099
25162
25167
25174
25236
25252
25267
25269
25296
25321
25334
25356
25363
25384
25418
25434
25472
25506
25509
25537
25544
25544
25571
25619
25621
25676
25687
25696
25698
25765
25814
25850
25867
25880
25883
25887
25887
25914
25933
25995
25995
25998
26001
26016
26038
26084
26093
26099
26110
26130
26143
26152
26169
26200
26224
26336
26346
26352
26366
26384
26392
26401
26408
26426
26432
26433
26447
26469
26471
26523
26529
26539
26571
26584
26594
26602
26628
26639
26663
26687
26720
26734
26785
26802
26844
26882
26905
26906
26911
26950
26962
26964
26970
26981
27012
27021
27072
27080
27102
27124
27125
27139
27141
27142
27156
27158
27169
27180
27200
27253
27253
27302
27312
27325
27336
27415
27424
27442
27454
27514
27519
27521
27532
27538
27541
27560
27563
27565
27566
27573
27585
27588
27655
27723
27777
27791
27799
27819
27822
27833
27867
27890
27932
27935
27936
27947
27953
27971
28005
28006
28011
28027
28062
28082
28145
28169
28178
28208
28209
28227
28273
28307
28319
28385
28412
28420
28427
28565
28572
28576
28602
28632
28640
28669
28672
28672
28672
28698
28742
28782
28825
28825
28826
28829
28880
28893
28907
28911
28936
28938
28946
28953
28963
28991
29047
29058
29068
29070
29128
29140
29145
29147
29151
29157
29173
29173
29195
29226
29228
29233
29264
29267
29298
29319
29322
29331
29341
29345
29387
29444
29513
29550
29573
29587
29648
29680
29688
29695
29705
29747
29750
29757
29757
29768
29793
29819
29821
29916
29917
29930
29956
29956
29958
29971
29971
29984
30033
30040
30052
30054
30072
30075
30089
30106
30119
30136
30140
30148
30197
30198
30236
30259
30264
30274
30285
30339
30357
30389
30399
30411
30414
30418
30420
30478
30498
30511
30520
30523
30526
30541
30543
30585
30608
30617
30637
30644
30668
30684
30716
30722
30762
30767
30771
30804
30819
30823
30866
30881
30965
31001
31037
31039
31044
31090
31092
31116
31139
31144
31161
31216
31219
31222
31246
31264
31270
31273
31275
31279
31327
31340
31364
31427
31444
31457
31468
31471
31473
31535
31583
31603
31609
31637
31639
31654
31663
31667
31679
31682
31712
31718
31719
31723
31764
31837
31849
31856
31859
31915
31922
31971
31998
32001
32018
32028
32032
32058
32072
32130
32136
32148
32181
32214
32215
32235
32239
32245
32302
32326
32330
32342
32382
32408
32419
32445
32467
32493
32498
32531
32578
32581
32603
32630
32662
32665
32670
32768
32816
32824
32832
32837
32848
32873
32881
32945
33049
33128
33131
33134
33162
33175
33180
33202
33220
33241
33257
33258
33263
33331
33343
33361
33366
33385
33431
33435
33438
33439
33479
33497
33500
33511
33553
33567
33585
33595
33606
33614
33617
33706
33715
33717
33727
33740
33759
33774
33794
33797
33859
33870
33876
33893
33897
33909
33965
33993
34006
34010
34019
34020
34038
34039
34047
34077
34099
34116
34121
34131
34157
34166
34169
34175
34197
34209
34223
34243
34267
34302
34307
34320
34347
34389
34403
34423
34439
34439
34464
34476
34492
34518
34524
34541
34548
34605
34608
34620
34635
34652
34655
34677
34685
34719
34750
34776
34789
34798
34801
34818
34823
34841
34843
34853
34954
35064
35188
35201
35243
35254
35279
35281
35284
35285
35290
35333
35350
35398
35399
35399
35403
35436
35455
35480
35552
35561
35578
35602
35612
35625
35627
35630
35649
35651
35656
35695
35700
35702
35709
35719
35758
35775
35786
35804
35804
35817
35832
35872
35935
35977
35979
35993
36000
36001
36002
36004
36014
36028
36036
36042
36071
36072
36085
36116
36120
36129
36210
36227
36228
36234
36307
36338
36344
36346
36378
36402
36497
36522
36532
36535
36558
36568
36572
36627
36635
36637
36640
36654
36655
36663
36663
36717
36717
36736
36831
36860
36912
36934
36996
37015
37089
37112
37119
37120
37125
37159
37191
37232
37238
37241
37247
37274
37277
37305
37323
37327
37351
37356
37371
37399
37411
37412
37421
37439
37451
37462
37475
37476
37494
37572
37617
37628
37635
37684
37685
37701
37722
37737
37755
37756
37773
37790
37819
37821
37830
37836
37859
37876
37886
37914
37921
37930
37930
37940
37943
37970
38016
38031
38043
38057
38059
38066
38083
38086
38090
38091
38097
38098
38101
38130
38144
38171
38194
38196
38233
38246
38254
38267
38284
38292
38309
38318
38321
38336
38344
38345
38351
38354
38406
38456
38489
38560
38583
38585
38590
38597
38608
38634
38686
38698
38726
38727
38751
38761
38768
38799
38806
38812
38819
38850
38856
38868
38877
38924
38935
38946
38949
38999
39000
39052
39067
39085
39102
39125
39138
39138
39176
39195
39196
39206
39216
39240
39240
39245
39292
39293
39316
39325
39387
39388
39391
39452
39460
39462
39472
39473
39501
39528
39550
39570
39613
39635
39650
39690
39691
39695
39700
39704
39746
39752
39767
39772
39809
39826
39835
39851
39893
39897
39958
39987
40021
40044
40065
40074
40100
40110
40165
40193
40262
40275
40283
40297
40314
40333
40355
40397
40417
40419
40440
40469
40494
40501
40506
40522
40564
40675
40686
40690
40713
40744
40745
40805
40836
40856
40916
40929
40940
40949
40952
41001
41022
41059
41062
41069
41093
41099
41101
41105
41107
41127
41139
41153
41190
41226
41256
41280
41288
41294
41298
41320
41321
41331
41333
41338
41360
41393
41398
41451
41455
41474
41489
41493
41529
41531
41561
41576
41576
41600
41612
41629
41633
41681
41696
41714
41725
41735
41770
41787
41805
41837
41837
41840
41849
41913
41932
41935
41984
41988
41994
42005
42046
42047
42068
42104
42104
42152
42165
42211
42215
42217
42267
42269
42276
42282
42320
42339
42341
42343
42346
42369
42369
42399
42414
42450
42454
42458
42463
42465
42473
42507
42514
42514
42524
42539
42568
42617
42621
42631
42665
42700
42755
42756
42771
42782
42805
42857
42880
42961
42964
42974
42977
42979
42984
43000
43025
43039
43062
43109
43122
43150
43203
43211
43214
43248
43253
43254
43257
43278
43300
43301
43317
43333
43339
43342
43350
43351
43391
43427
43432
43443
43459
43486
43492
43559
43610
43615
43622
43642
43672
43696
43721
43742
43791
43819
43822
43918
43928
43930
44014
44021
44023
44059
44094
44094
44113
44128
44134
44139
44140
44146
44148
44155
44155
44160
44161
44185
44193
44197
44205
44212
44215
44251
44296
44304
44315
44331
44344
44391
44418
44425
44468
44473
44500
44507
44534
44557
44576
44578
44588
44591
44610
44615
44618
44654
44670
44682
44693
44760
44767
44779
44785
44801
44817
44851
44851
44877
44904
44930
44940
44957
44972
44979
44980
45023
45049
45058
45059
45073
45073
45097
45097
45114
45115
45121
45136
45164
45177
45185
45188
45232
45264
45269
45295
45331
45334
45338
45354
45371
45446
45472
45475
45486
45487
45510
45524
45538
45548
45556
45576
45600
45632
45644
45655
45667
45670
45671
45703
45738
45742
45763
45786
45799
45815
45817
45888
45907
45908
45916
45951
45974
45979
45985
45990
46015
46100
46111
46210
46272
46275
46278
46288
46315
46326
46429
46447
46460
46464
46489
46513
46522
46544
46570
46578
46586
46593
46625
46630
46646
46658
46676
46687
46711
46711
46734
46757
46777
46822
46824
46850
46883
46883
46924
46937
46939
46979
47003
47005
47011
47017
47043
47053
47064
47097
47106
47115
47152
47153
47164
47208
47298
47347
47359
47368
47396
47408
47430
47453
47453
47454
47464
47474
47490
47501
47540
47556
47586
47593
47593
47694
47694
47704
47711
47711
47726
47772
47786
47815
47845
47936
47959
47961
47975
48016
48035
48054
48094
48109
48132
48143
48151
48162
48165
48175
48182
48230
48231
48278
48333
48350
48355
48378
48396
48399
48400
48415
48421
48449
48489
48507
48549
48562
48606
48637
48780
48791
48838
48845
48846
48849
48863
48908
49024
49028
49066
49071
49118
49123
49136
49168
49170
49178
49183
49184
49185
49197
49230
49271
49295
49303
49310
49370
49401
49464
49498
49505
49517
49522
49532
49537
49538
49549
49589
49590
49601
49605
49628
49629
49629
49638
49639
49641
49677
49701
49713
49749
49751
49799
49823
49844
49851
49894
49954
49961
49983
49999
50005
50011
50020
50044
50082
50120
50124
50154
50182
50210
50222
50249
50261
50311
50312
50319
50331
50332
50340
50364
50364
50397
50408
50500
50500
50512
50521
50546
50565
50582
50586
50605
50613
50622
50626
50626
50639
50658
50661
50667
50680
50684
50700
50713
50735
50755
50800
50850
50855
50867
50874
50881
50887
50899
50917
50965
50967
50981
51037
51038
51051
51169
51172
51174
51233
51260
51285
51287
51328
51341
51400
51419
51425
51433
51529
51572
51582
51599
51633
51703
51704
51732
51775
51816
51852
51886
51953
51968
52005
52022
52043
52047
52064
52073
52093
52104
52166
52184
52200
52221
52257
52271
52301
52308
52309
52352
52355
52358
52365
52382
52410
52451
52453
52494
52504
52507
52579
52685
52703
52727
52744
52752
52763
52777
52807
52844
52853
52872
52882
52882
52930
52938
52944
52946
52948
52965
53009
53026
53036
53038
53048
53065
53074
53088
53116
53120
53121
53123
53130
53140
53198
53201
53206
53237
53287
53334
53357
53391
53411
53417
53426
53445
53458
53461
53465
53471
53511
53516
53530
53655
53671
53673
53693
53707
53715
53723
53725
53727
53748
53764
53793
53865
53867
53872
53876
53892
53947
53995
54049
54054
54058
54099
54125
54130
54170
54180
54187
54200
54204
54209
54213
54230
54298
54309
54389
54411
54419
54463
54489
54496
54502
54533
54539
54608
54640
54641
54645
54699
54749
54754
54763
54764
54782
54797
54814
54843
54854
54872
54901
54954
54961
55014
55032
55038
55076
55099
55163
55173
55177
55196
55207
55275
55300
55320
55329
55361
55368
55442
55459
55508
55519
55521
55533
55572
55584
55594
55612
55612
55629
55632
55660
55661
55674
55677
55698
55730
55795
55823
55867
55903
55917
55932
55962
55963
55977
55980
55999
56020
56024
56062
56071
56127
56129
56153
56160
56169
56172
56183
56190
56216
56219
56220
56249
56250
56270
56283
56333
56336
56341
56343
56385
56387
56404
56436
56452
56469
56480
56502
56504
56517
56524
56539
56559
56566
56591
56596
56611
56620
56622
56640
56684
56688
56694
56695
56717
56724
56732
56746
56749
56766
56787
56795
56822
56823
56834
56876
56890
56891
56896
56953
56957
56962
56969
56973
57001
57015
57019
57025
57031
57074
57075
57124
57155
57158
57161
57167
57167
57177
57199
57210
57218
57218
57242
57267
57270
57290
57301
57308
57370
57380
57396
57415
57448
57481
57501
57511
57512
57526
57541
57549
57551
57553
57575
57604
57620
57661
57699
57718
57722
57724
57732
57742
57812
57836
57879
57885
57894
57915
57924
57928
57983
57994
57997
57998
58008
58023
58056
58063
58089
58101
58103
58104
58105
58141
58144
58199
58213
58282
58310
58322
58361
58378
58389
58404
58426
58445
58475
58552
58567
58591
58601
58628
58644
58670
58671
58678
58701
58745
58785
58786
58818
58818
58819
58845
58857
58879
58887
58902
58944
58950
58959
58994
59020
59025
59045
59070
59078
59080
59094
59102
59141
59160
59246
59258
59263
59272
59303
59335
59341
59349
59359
59377
59403
59416
59423
59437
59450
59502
59520
59530
59537
59560
59560
59569
59593
59604
59653
59660
59688
59701
59706
59746
59753
59785
59788
59788
59813
59862
59870
59883
59893
59915
59933
59944
60054
60059
60080
60095
60096
60117
60129
60130
60157
60181
60204
60252
60256
60265
60274
60274
60281
60285
60332
60350
60404
60445
60472
60475
60486
60487
60490
60492
60498
60503
60557
60564
60619
60635
60655
60658
60679
60700
60706
60725
60755
60763
60765
60786
60805
60811
60815
60822
60822
60827
60838
60860
60875
60882
60895
60898
60938
60948
60970
60976
61006
61016
61023
61044
61049
61054
61054
61062
61087
61101
61104
61139
61146
61166
61166
61210
61222
61232
61235
61240
61251
61292
61311
61323
61423
61431
61438
61440
61442
61459
61494
61520
61536
61564
61620
61630
61631
61692
61718
61748
61791
61805
61813
61839
61851
61855
61867
61869
61874
61884
61916
61922
61927
62002
62028
62064
62068
62073
62079
62118
62160
62165
62170
62180
62184
62288
62302
62316
62367
62468
62470
62482
62542
62571
62581
62592
62634
62645
62740
62788
62795
62818
62847
62854
62871
62885
62926
62967
62973
63014
63141
63145
63148
63180
63193
63231
63244
63272
63317
63327
63327
63351
63377
63450
63456
63457
63457
63460
63472
63475
63477
63510
63540
63562
63602
63604
63631
63642
63686
63710
63711
63757
63778
63873
63890
63898
63909
63910
63948
63970
63983
63983
63988
64011
64020
64025
64027
64072
64101
64152
64182
64228
64281
64309
64393
64453
64457
64459
64492
64497
64499
64526
64530
64532
64541
64559
64563
64589
64596
64601
64624
64629
64641
64641
64650
64692
64693
64694
64703
64708
64711
64727
64780
64792
64830
64833
64843
64877
64959
65023
65089
65113
65119
65124
65172
65174
65206
65208
65210
65225
65227
65237
65241
65306
65309
65324
65327
65331
65352
65365
65381
65385
65395
65400
65407
65411
65418
65435
65440
65447
65448
65448
65491
65518
65528
65545
65561
65562
65608
65621
65642
65656
65663
65676
65689
65697
65748
65754
65761
65778
65792
65815
65854
65896
65921
65977
65996
66010
66033
66055
66100
66125
66153
66165
66180
66191
66206
66246
66250
66296
66300
66324
66337
66356
66370
66393
66408
66428
66444
66480
66532
66546
66551
66580
66606
66636
66667
66690
66716
66728
66750
66808
66849
66859
66875
66894
66912
66916
66922
66924
66951
66999
67000
67024
67065
67088
67091
67118
67173
67173
67205
67210
67237
67244
67264
67264
67281
67362
67368
67480
67485
67486
67491
67494
67501
67523
67534
67564
67646
67672
67675
67686
67700
67701
67722
67770
67796
67805
67820
67823
67855
67888
67892
67908
67998
68021
68028
68047
68076
68110
68166
68196
68197
68202
68223
68231
68272
68365
68377
68384
68395
68403
68417
68425
68448
68465
68495
68512
68514
68520
68526
68527
68565
68605
68633
68664
68666
68692
68788
68822
68853
68942
68979
68984
68988
69005
69015
69036
69064
69105
69132
69168
69206
69232
69235
69241
69284
69303
69305
69315
69315
69341
69371
69396
69402
69419
69421
69461
69464
69466
69474
69477
69534
69536
69631
69691
69759
69777
69797
69799
69802
69849
69855
69863
69871
69879
69902
69912
69922
69956
69959
69971
69983
70004
70004
70005
70008
70013
70026
70047
70049
70066
70070
70090
70111
70131
70149
70156
70206
70207
70217
70259
70287
70314
70315
70323
70330
70368
70373
70381
70399
70412
70432
70447
70449
70450
70454
70477
70492
70522
70549
70571
70585
70620
70645
70648
70658
70669
70684
70706
70751
70838
70846
70847
70858
70863
70869
70877
70888
70889
70894
70915
70960
70991
70991
71004
71028
71029
71029
71074
71084
71160
71185
71191
71219
71222
71226
71227
71235
71237
71241
71265
71275
71295
71306
71332
71359
71361
71365
71398
71415
71427
71431
71436
71460
71473
71477
71507
71518
71519
71538
71596
71599
71612
71618
71632
71684
71696
71737
71786
71812
71833
71857
71863
71873
71876
71891
71900
71953
71957
71958
71964
71965
71975
71997
72002
72026
72075
72082
72121
72141
72167
72174
72191
72209
72210
72264
72359
72366
72375
72376
72377
72385
72419
72423
72433
72442
72461
72515
72536
72564
72573
72573
72574
72634
72677
72690
72761
72765
72768
72783
72800
72811
72827
72831
72833
72854
72882
72916
72933
72935
72954
72964
72977
73005
73050
73087
73100
73144
73162
73187
73195
73215
73221
73228
73241
73243
73248
73268
73269
73296
73314
73364
73381
73407
73418
73467
73472
73473
73477
73483
73584
73625
73637
73669
73672
73757
73781
73838
73841
73853
73878
73888
73907
73928
73933
73958
73966
73973
74002
74056
74077
74091
74117
74121
74126
74198
74203
74224
74230
74253
74257
74268
74322
74335
74339
74392
74396
74397
74418
74468
74468
74534
74539
74557
74616
74629
74686
74694
74718
74728
74739
74747
74766
74816
74868
74879
74905
74936
74992
75007
75015
75036
75046
75054
75120
75129
75139
75163
75166
75184
75188
75195
75219
75220
75223
75273
75278
75282
75300
75402
75422
75428
75447
75493
75534
75547
75550
75552
75567
75598
75604
75611
75614
75620
75627
75675
75683
75710
75769
75817
75842
75845
75858
75903
75928
75959
75962
75966
75979
76022
76030
76039
76068
76073
76096
76104
76107
76107
76113
76147
76172
76196
76203
76271
76283
76286
76289
76322
76328
76331
76370
76371
76375
76382
76392
76408
76425
76426
76443
76452
76474
76478
76504
76510
76530
76531
76561
76561
76571
76583
76594
76606
76654
76666
76690
76715
76729
76746
76795
76809
76843
76844
76878
76891
76900
76902
76927
76972
76989
76999
77005
77008
77032
77039
77071
77115
77145
77185
77185
77207
77229
77240
77385
77443
77450
77472
77501
77518
77552
77564
77574
77575
77580
77618
77619
77623
77791
77830
77845
77857
77865
77896
77907
77940
77944
77954
77987
77994
78014
78019
78057
78079
78112
78137
78201
78209
78212
78232
78234
78239
78273
78274
78283
78287
78299
78307
78353
78356
78374
78376
78377
78397
78427
78438
78440
78442
78453
78506
78509
78530
78535
78582
78613
78618
78657
78677
78707
78715
78715
78719
78726
78751
78771
78940
78946
78946
78955
78999
79001
79056
79063
79081
79105
79115
79171
79233
79240
79257
79278
79280
79289
79311
79318
79320
79369
79396
79413
79450
79469
79491
79494
79502
79505
79513
79513
79583
79600
79624
79634
79639
79666
79675
79681
79693
79704
79704
79708
79725
79764
79764
79847
79866
79913
79918
79928
79936
79949
79979
79986
80032
80046
80046
80065
80125
80128
80173
80176
80254
80256
80270
80302
80341
80365
80388
80404
80434
80472
80474
80476
80483
80489
80535
80549
80551
80553
80555
80563
80663
80696
80706
80715
80722
80731
80750
80754
80802
80803
80819
80852
80860
80862
80864
80874
80887
80892
80919
80929
80934
80967
80967
80977
81012
81016
81026
81077
81114
81240
81248
81272
81291
81327
81332
81337
81359
81374
81377
81379
81385
81404
81409
81445
81479
81510
81519
81520
81539
81549
81551
81554
81555
81607
81615
81633
81692
81723
81726
81775
81831
81834
81839
81853
81880
81934
81965
81998
82017
82037
82044
82117
82135
82141
82183
82185
82212
82225
82226
82227
82267
82277
82281
82295
82311
82324
82351
82367
82380
82391
82391
82407
82410
82415
82438
82471
82507
82521
82525
82534
82589
82594
82629
82633
82642
82674
82688
82688
82706
82710
82745
82783
82822
82823
82841
82859
82877
82878
82909
82918
82931
82981
82999
83008
83012
83052
83055
83062
83092
83104
83113
83115
83116
83127
83137
83157
83167
83177
83196
83198
83213
83234
83236
83245
83265
83268
83284
83285
83287
83294
83304
83312
83328
83365
83371
83384
83407
83422
83498
83557
83570
83612
83650
83661
83698
83709
83731
83738
83747
83788
83802
83815
83815
83823
83866
83947
83965
83969
83971
83975
83979
83993
84021
84054
84069
84073
84085
84141
84146
84191
84196
84246
84257
84274
84330
84375
84380
84415
84420
84472
84473
84491
84494
84495
84552
84558
84565
84575
84578
84615
84625
84674
84679
84704
84722
84733
84736
84757
84757
84815
84826
84855
84880
84889
84962
84995
84998
85019
85074
85077
85099
85107
85111
85122
85129
85177
85177
85191
85238
85242
85284
85305
85314
85368
85371
85373
85391
85419
85443
85453
85462
85470
85479
85489
85554
85555
85576
85581
85616
85620
85642
85656
85660
85679
85702
85702
85712
85731
85754
85759
85807
85816
85820
85833
85836
85847
85872
85892
85897
85915
85920
85923
85929
85930
85941
85945
85960
85967
85981
85987
86001
86002
86035
86038
86084
86090
86119
86121
86131
86153
86155
86199
86204
86215
86251
86263
86278
86289
86297
86304
86326
86367
86433
86436
86456
86470
86475
86485
86492
86495
86506
86527
86559
86565
86585
86623
86627
86639
86648
86650
86652
86728
86737
86759
86774
86789
86794
86804
86812
86879
86901
86902
86927
86932
86941
87007
87022
87027
87046
87060
87070
87078
87112
87135
87143
87159
87193
87194
87198
87200
87215
87218
87226
87251
87256
87275
87282
87293
87297
87321
87331
87351
87405
87410
87419
87421
87432
87455
87470
87481
87481
87508
87522
87529
87596
87599
87650
87652
87686
87709
87720
87752
87761
87797
87804
87817
87818
87818
87829
87842
87856
87861
87862
87864
87867
87883
87887
87890
87899
87911
87929
87931
87966
88036
88051
88059
88062
88068
88080
88081
88086
88107
88131
88146
88151
88170
88185
88238
88256
88306
88355
88436
88437
88438
88447
88454
88516
88534
88556
88594
88601
88614
88630
88642
88650
88656
88667
88682
88716
88752
88760
88761
88774
88776
88781
88813
88834
88869
88895
88936
88941
88949
88956
88975
88981
89100
89129
89132
89172
89178
89206
89224
89243
89250
89264
89266
89276
89305
89326
89327
89337
89347
89372
89448
89490
89527
89552
89589
89600
89611
89642
89644
89644
89669
89678
89713
89718
89739
89760
89787
89810
89830
89844
89868
89886
89901
89908
89918
89925
89996
89997
90011
90037
90048
90050
90067
90079
90101
90107
90122
90135
90158
90162
90204
90221
90231
90253
90277
90337
90400
90402
90437
90448
90465
90482
90515
90521
90604
90606
90614
90616
90629
90630
90633
90647
90679
90723
90743
90750
90759
90760
90763
90764
90786
90799
90806
90825
90830
90842
90852
90912
90913
90945
90979
91006
91020
91028
91033
91092
91105
91116
91117
91123
91144
91151
91163
91189
91200
91202
91229
91230
91240
91251
91253
91271
91312
91319
91327
91340
91363
91386
91389
91396
91413
91415
91426
91465
91467
91604
91625
91628
91660
91690
91753
91753
91786
91798
91804
91819
91822
91867
91883
91913
91933
91982
92030
92034
92045
92061
92066
92076
92086
92103
92121
92129
92138
92201
92250
92278
92297
92317
92328
92371
92373
92376
92383
92420
92485
92509
92531
92540
92553
92566
92567
92626
92628
92641
92646
92667
92685
92716
92717
92734
92792
92798
92802
92826
92869
92902
92902
92914
92925
92926
92944
92951
92974
93036
93044
93062
93103
93115
93116
93125
93132
93141
93154
93154
93188
93188
93194
93245
93276
93297
93317
93342
93347
93396
93397
93442
93442
93462
93468
93527
93623
93627
93672
93675
93690
93701
93705
93748
93759
93777
93792
93796
93816
93827
93834
93840
93888
93946
93952
93953
93967
94028
94039
94092
94093
94109
94123
94192
94207
94234
94238
94338
94367
94393
94403
94410
94432
94483
94490
94501
94529
94542
94548
94569
94571
94607
94660
94667
94731
94745
94772
94776
94789
94795
94804
94804
94828
94831
94840
94950
94951
94979
94985
94986
95049
95051
95099
95109
95128
95138
95168
95225
95245
95260
95273
95277
95281
95286
95288
95310
95313
95342
95345
95362
95423
95431
95443
95444
95479
95495
95505
95510
95551
95558
95563
95564
95606
95611
95613
95645
95657
95670
95724
95737
95761
95795
95796
95864
95866
95869
95890
95894
95906
95937
95953
95957
95970
95980
96026
96027
96057
96064
96141
96191
96256
96299
96312
96319
96331
96341
96385
96419
96441
96457
96464
96470
96498
96502
96507
96555
96574
96619
96621
96650
96710
96729
96741
96768
96793
96814
96835
96877
96879
96909
96920
97010
97013
97088
97116
97120
97153
97193
97219
97266
97268
97282
97283
97286
97326
97453
97486
97494
97498
97519
97529
97578
97587
97589
97595
97596
97630
97632
97669
97689
97691
97702
97719
97721
97721
97729
97775
97815
97840
97850
97851
97866
97877
97886
97955
97992
98005
98031
98031
98046
98108
98133
98152
98214
98237
98249
98252
98304
98345
98374
98376
98392
98420
98421
98422
98441
98445
98460
98489
98492
98637
98683
98701
98708
98721
98733
98754
98766
98791
98797
98815
98846
98846
98869
98890
98953
98972
98981
98984
98991
99010
99026
99041
99065
99078
99115
99177
99182
99204
99206
99237
99253
99272
99276
99282
99302
99325
99410
99411
99412
99420
99424
99436
99442
99451
99458
99466
99471
99473
99474
99490
99513
99543
99565
99569
99595
99612
99656
99711
99732
99733
99755
99773
99794
99822
99826
99917
99938
99956
99991
99994
